1.16E-22
4.94E-24
1.40E-20
6.44E-21
5.25E-23
4.07E-22
1.43E-21
6.44E-23
1.91E-21
1.54E-25
3.16E-24
8.59E-22
1.17E-19
9.62E-21
1.53E-22
1.98E-22
4.65E-22
6.10E-21
9.97E-22
1.69E-21
3.22E-22
2.36E-21
5.36E-23
4.70E-22
5.61E-22
1.64E-22
1.26E-24
7.00E-23
1.31E-23
7.53E-23
1.84E-20
1.35E-22
8.08E-23
1.62E-22
1.47E-22
4.37E-21
2.64E-22
6.09E-24
1.25E-22
2.86E-21
1.34E-21
2.90E-22
3.81E-22
5.17E-23
1.48E-21
1.13E-20
3.51E-24
5.09E-21
9.21E-21
1.63E-21
3.76E-24
4.32E-21
1.55E-21
1.50E-21
1.02E-21
6.33E-23
1.76E-20
8.64E-21
8.50E-21
1.11E-23
4.91E-22
2.62E-21
2.25E-21
2.57E-22
3.91E-21
4.98E-21
3.28E-21
9.07E-21
2.36E-21
1.80E-21
7.66E-21
4.34E-22
3.03E-21
6.98E-22
8.08E-21
9.25E-21
1.22E-22
5.79E-21
2.97E-21
2.40E-20
1.00E-20
3.47E-22
3.95E-20
6.18E-20
6.59E-21
7.42E-22
5.53E-22
2.67E-23
7.63E-21
6.75E-21
3.08E-21
3.91E-22
4.24E-21
1.19E-23
9.44E-21
1.79E-21
5.29E-22
1.37E-20
5.57E-21
1.52E-20
2.29E-22
3.49E-22
3.71E-20
5.88E-21
1.43E-20
1.33E-21
1.67E-20
2.64E-20
3.51E-23
1.47E-20
2.41E-21
1.93E-20
4.55E-22
7.99E-24
4.07E-23
1.70E-20
7.08E-21
9.64E-21
2.41E-22
8.77E-21
9.80E-21
1.17E-22
1.75E-22
1.04E-21
6.82E-22
2.85E-21
6.46E-21
2.00E-22
6.58E-21
8.29E-21
5.57E-22
2.29E-20
2.71E-21
2.79E-21
5.03E-22
3.64E-21
6.49E-20
2.25E-20
2.86E-20
1.67E-20
1.21E-21
8.84E-22
7.24E-23
4.15E-22
7.86E-23
1.17E-24
2.07E-21
5.59E-22
1.92E-21
6.18E-21
1.39E-22
1.30E-21
9.83E-23
8.56E-21
7.72E-21
2.57E-21
1.08E-20
2.03E-21
6.15E-23
9.75E-21
2.15E-20
1.21E-21
1.20E-21
3.13E-25
2.20E-22
2.22E-20
9.27E-21
5.90E-21
9.15E-22
6.68E-24
2.48E-21
9.90E-22
7.56E-21
3.70E-21
1.17E-22
5.95E-22
3.47E-23
7.53E-22
2.28E-20
7.78E-22
1.26E-21
1.51E-20
5.61E-21
3.37E-22
1.50E-20
4.19E-22
8.23E-21
4.11E-21
2.71E-20
1.60E-20
2.16E-22
3.61E-21
2.21E-23
1.35E-20
