4.48E-22
1.36E-24
1.51E-21
4.33E-21
8.07E-22
9.09E-22
2.57E-21
4.34E-22
3.91E-21
6.72E-23
1.16E-22
4.71E-20
4.85E-22
6.40E-22
2.97E-21
5.96E-22
4.02E-24
6.41E-21
5.99E-22
9.68E-23
4.89E-22
4.33E-21
1.90E-23
2.24E-22
3.80E-21
1.47E-21
3.59E-22
3.48E-23
5.74E-22
8.31E-21
1.34E-22
6.54E-23
1.80E-24
8.81E-21
1.08E-20
1.57E-21
1.08E-21
2.13E-22
7.81E-22
8.55E-23
8.07E-22
1.87E-22
9.07E-21
1.11E-20
1.81E-20
9.20E-24
1.15E-20
5.14E-21
1.43E-21
1.51E-22
3.53E-21
3.46E-22
3.40E-22
6.30E-22
2.13E-21
1.25E-20
1.80E-22
1.82E-20
1.13E-20
1.69E-21
6.84E-22
1.32E-21
7.53E-21
1.88E-21
1.99E-22
4.85E-21
1.17E-21
3.48E-21
7.05E-21
2.84E-21
7.79E-24
3.55E-21
4.13E-21
3.32E-22
5.17E-22
3.30E-24
1.81E-22
4.50E-21
2.88E-20
6.19E-21
2.61E-21
2.71E-22
9.83E-21
5.91E-22
2.98E-21
2.27E-21
6.48E-23
9.20E-21
3.38E-22
1.71E-21
1.89E-23
1.54E-21
9.98E-21
2.44E-21
1.02E-23
3.99E-21
2.05E-22
1.45E-21
6.13E-21
6.46E-21
1.01E-21
3.29E-21
1.89E-20
2.48E-23
3.96E-21
5.44E-21
5.60E-21
6.05E-21
1.16E-20
1.25E-22
2.72E-22
6.25E-25
3.67E-21
5.18E-21
7.06E-21
2.72E-21
4.25E-22
2.14E-22
3.89E-22
3.90E-23
1.01E-20
6.51E-22
2.79E-21
4.18E-21
3.28E-22
6.43E-22
1.13E-21
9.45E-21
2.34E-21
5.08E-21
4.99E-21
7.09E-22
1.69E-22
3.30E-22
5.95E-21
1.60E-21
2.08E-23
9.31E-24
1.27E-20
2.50E-23
6.06E-20
3.02E-21
2.42E-21
5.19E-21
7.08E-21
5.62E-21
3.87E-21
6.00E-22
2.11E-21
7.15E-22
4.28E-21
1.57E-21
8.66E-21
5.09E-21
1.38E-20
1.31E-21
1.74E-21
3.98E-24
5.43E-21
1.19E-20
2.51E-21
1.17E-20
3.74E-21
2.71E-21
4.92E-21
1.28E-21
2.15E-21
9.20E-22
4.17E-21
8.90E-21
1.08E-20
7.66E-21
3.95E-22
7.85E-22
7.97E-22
4.46E-21
9.23E-21
1.71E-21
2.91E-22
3.24E-21
2.50E-20
5.08E-21
2.95E-22
7.00E-21
4.11E-22
3.13E-20
4.20E-22
1.89E-20
5.59E-22
1.91E-21
3.15E-21
7.76E-24
1.56E-20
9.49E-21
