316.77
411.85
627.49
628.4
737.2
739.18
937.19
998.16
1013.8
1070
1229.3
1244.1
1244.5
1420.9
1423.4
1437.6
1492.1
1537.7
1620.2
1663.2
1667.8
1688.8
1831.8
1835.4
1939.9
1942.4
2047.2
2148.1
2156.8
2210.8
2217.7
2243.1
2257.7
2275
2345.6
2349.7
2354.7
2435
2519.5
2597.6
2674.2
2731.3
2816.1
2963.5
3003.2
3007.3
3036.2
3107.7
3114.9
3124.5
3146.8
3213.2
3229.8
3411.6
3461.8
3473.8
3509.2
3518.8
3584.1
3608.3
3630.9
3641.9
3670.1
3844.3
3947.2
3964.2
3999.7
4021.1
4160.7
4173.3
4184.9
4280.5
4287
4293.2
4295.7
4417.8
4420.2
4457.2
4532.5
4538.5
4569.6
4648.4
4663.6
4671.6
4712.7
4721.3
4726.4
4857.2
4863.7
4872.2
4905
5007
5032.5
5139.1
5148.8
5183.1
5217.7
5351.1
5356.7
5392.8
5410
5545.3
5554.7
5573.7
5618.3
5677.8
5732.2
5789
5797.2
5842
5877.1
5888.9
5906.2
5995.3
6019.9
6042.1
6105.6
6135.4
6194.2
6268
6308.8
6376
6397.1
6455.3
6458.6
6509.6
6520.5
6560.3
6577.3
6626.6
6760.4
6811.2
6838.1
6863.6
6920
6927.9
6937
6953.9
6970
7010.2
7025.4
7090.2
7274.9
7313
7385.5
7397
7463.1
7467.1
7485.9
7614.9
7633.1
7660.9
7675.7
7747.2
7755.5
7855.4
7903.2
7932.5
7970.9
8009
8016.5
8035.5
8078
8095.5
8098.6
8125.4
8140.4
8272.3
8335
8349.5
8368.1
8384.8
8456.9
8519.3
8529.8
8539.2
8589.1
8615.7
8677
8771.8
8821.2
8844.8
8868.1
8877.5
8907.1
8938.8
8988.2
9022.1
9050.6
9181.9
9203.1
9353.4
9417.1
9429.2
