1.83E-21
1.17E-21
2.02E-21
4.15E-21
1.72E-21
2.82E-21
2.32E-20
1.35E-21
1.29E-21
2.67E-22
3.85E-21
4.90E-22
4.66E-21
2.64E-22
8.41E-21
1.58E-22
1.25E-22
1.35E-20
8.13E-22
5.40E-21
3.64E-21
5.35E-22
6.07E-22
1.58E-20
4.76E-21
2.10E-21
1.30E-21
4.59E-21
3.06E-23
5.00E-22
5.18E-22
1.56E-20
3.02E-25
9.17E-21
9.39E-21
2.37E-21
2.56E-21
9.48E-21
2.35E-22
3.83E-21
1.32E-25
3.63E-21
9.56E-21
9.16E-20
1.65E-22
3.30E-21
2.40E-23
2.43E-22
1.28E-20
1.00E-20
2.81E-20
1.43E-20
1.19E-20
2.01E-20
1.29E-23
8.35E-21
1.00E-21
1.02E-20
1.24E-23
3.49E-21
1.34E-22
3.82E-24
4.87E-21
1.68E-21
1.08E-22
8.71E-21
1.86E-22
6.46E-22
1.05E-20
3.05E-22
1.06E-23
1.94E-21
4.16E-21
4.08E-22
2.19E-21
1.68E-20
2.94E-20
3.39E-21
3.25E-21
2.27E-21
1.41E-20
1.08E-20
3.23E-21
7.91E-23
5.73E-21
3.14E-22
3.23E-24
4.33E-21
3.09E-20
8.48E-23
4.52E-21
5.84E-23
6.37E-21
6.14E-22
5.53E-21
1.12E-21
1.32E-21
3.62E-22
4.68E-21
4.17E-21
4.28E-21
1.11E-20
1.51E-21
3.07E-20
4.28E-22
8.62E-21
7.20E-21
1.29E-20
3.11E-20
1.91E-20
2.68E-21
4.26E-22
8.32E-21
5.42E-21
5.66E-21
2.14E-21
2.84E-21
1.47E-24
3.43E-21
1.93E-21
2.99E-21
2.36E-21
8.02E-21
4.21E-21
2.35E-22
4.56E-21
1.52E-20
9.79E-22
3.19E-23
7.51E-21
4.62E-21
2.82E-20
3.19E-20
1.97E-20
9.45E-21
5.81E-22
2.44E-21
1.91E-22
2.11E-22
1.50E-20
2.06E-20
5.89E-22
2.88E-20
2.83E-20
1.93E-21
9.40E-21
5.92E-24
1.00E-20
2.15E-22
4.14E-23
5.66E-23
1.03E-21
3.73E-21
1.46E-22
3.14E-21
9.76E-21
4.36E-21
8.06E-22
1.03E-19
2.54E-21
2.57E-22
8.71E-22
4.56E-20
3.20E-20
4.71E-22
1.16E-21
3.13E-21
5.16E-22
2.03E-21
2.30E-21
1.06E-20
3.27E-21
2.28E-20
2.10E-25
1.02E-20
5.96E-23
3.15E-20
2.07E-20
6.61E-22
1.52E-20
2.04E-20
5.54E-21
1.47E-20
8.93E-21
1.79E-20
1.50E-21
1.57E-21
1.07E-21
2.73E-21
3.01E-20
8.43E-21
3.99E-20
4.43E-21
4.04E-22
